10 54.8 45.4 45.4 6.6 54.8  
10 30.6 18.7 18.6 2.2 30.6  
10 389.3 276.3 264.1 41.6 389.3  
20 103.35 71.55 71.55 12.7 103.35  
20 60.5 43.15 42.9 6.65 60.5  
20 856.5 558.9 546.65 95.15 856.5  
30 162.167 116.467 116.3 14.9667 174.233  
30 112.567 63.3667 56.4667 8 112.567  
30 1352.83 921.8 870.333 108.633 1411.8  
40 199.325 146.55 146.425 23.9 199.325  
40 144.2 86.525 85.825 6.325 144.2  
40 1715.55 1187.25 1149.62 163.175 1715.55  
50 260.1 180.46 178.78 26.96 260.1  
50 191.14 129.02 124.44 10.3 191.14  
50 2214.98 1511.54 1485.54 171.84 2214.98  
