10 68.8 59.4 59.4 107.2 68.8  
10 39 26.9 26.9 46.6 39  
10 492.1 379.1 373.6 662.9 492.1  
20 114.7 82.75 82.75 156.85 114.7  
20 69.1 51.7 51.55 95.6 69.1  
20 958.3 660.7 654.95 1224.35 958.3  
30 174.667 128.967 128.9 256.933 183.5  
30 121.633 72.6333 70.4667 137 121.633  
30 1461.33 1030.3 1012.87 1974.67 1520.3  
40 210.875 158.175 157.75 310.8 210.875  
40 153.425 95.775 95.45 194.375 153.425  
40 1819.18 1290.88 1278.83 2528.65 1819.18  
50 271.68 192.04 191.6 374.54 271.68  
50 201.2 138.92 137.4 279.66 201.2  
50 2321.5 1618.06 1610.62 3230.12 2321.5  
