10 54.8 45.4 45.4 93.2 54.8  
10 30.6 18.7 18.7 38.2 30.6  
10 389.3 276.3 270.8 560.1 389.3  
20 103.35 71.55 71.55 145.65 103.35  
20 60.5 43.15 43 87.05 60.5  
20 856.5 558.9 553.15 1122.55 856.5  
30 162.167 116.467 116.4 244.433 174.233  
30 112.567 63.3667 61.2 127.733 112.567  
30 1352.83 921.8 904.367 1866.17 1411.8  
40 199.325 146.55 146.5 299.55 199.325  
40 144.2 86.525 86.2 185.125 144.2  
40 1715.55 1187.25 1175.2 2425.03 1715.55  
50 260.1 180.46 180.02 362.96 260.1  
50 191.14 129.02 127.5 269.76 191.14  
50 2214.98 1511.54 1504.1 3123.6 2214.98  
